6510003
6510009
6510011
6510015
6510017
6510019
6510023
6510025
6510027
6510033
6510037
6510046
6510047
6510049
6510051
6510052
6510053
6510055
6510056
6510057
6510059
6510060
6510061
6510062
6510065
6510066
6510072
6510074
6510075
6510081
6510082
6510086
6510089
6510090
6510091
6510092
6510094
6510095
6510099
6510103
6510105
6510107
6510109
6510111
6510112
6510117
6510126
6510128
6510130
6510131
6510134
6510141
6510142
6510143
6510144
6510145
6510146
6510147
6510148
6510149
6510150
6510151
6510152
